function o = interpolate(i)

v = [0	0.10097	0.59821	1.53	2.9145	4.0886	4.5849	4.9184	5.1856	5.4204	5.6288	5.8251	6.01	6.1838	6.3516	6.5153	6.675	6.8309	6.9833	7.1323	7.2776	7.4196	7.5581	7.6931	7.8242	7.9484	8.0652	8.1745	8.2794	8.3842	8.489	8.4005	0	0	0	0.10097	0.59822	1.53	2.9143	4.088	4.584	4.917	5.1838	5.4181	5.626	5.8218	6.0061	6.1793	6.3464	6.5094	6.6684	6.8235	6.9752	7.1234	7.2681	7.4096	7.548	7.6832	7.8152	7.9411	8.0606	8.174	8.2848	8.3932	8.4975	8.5097	0	0	0	0	0.101	0.59826	1.5301	2.9146	4.0883	4.5843	4.9172	5.1838	5.418	5.6258	5.8214	6.0057	6.1789	6.3461	6.5095	6.6646	6.8101	6.9474	7.0776	7.2018	7.3209	7.4358	7.5472	7.656	7.7627	7.8677	7.9703	8.0705	8.1668	8.26	8.3507	8.441	8.5319	8.6237	8.7166	8.8106	8.9001	8.899	8.8079];
a = [0	0	0	0	0	0	0	0	0	0	0	0	0	0	0	0	0	0	0	0	0	0	0	0	0	0	0	0	0	0	6.30E-05	1.28E-04	90	90.003	90.01	84.26	59.12	33.103	18.864	13.706	12.335	11.628	11.191	10.903	10.731	10.636	10.609	10.646	10.734	10.868	11.045	11.265	11.527	11.831	12.176	12.563	12.993	13.466	13.986	14.558	15.185	15.868	16.603	17.353	18.099	19.034	90	90.002	90.011	90.041	87.224	73.521	52.73	34.482	26.117	23.787	22.616	21.931	21.525	21.339	21.302	21.398	21.615	21.928	22.324	22.783	23.284	23.817	24.374	24.949	25.537	26.133	26.735	27.34	27.945	28.55	29.159	29.768	30.362	30.941	31.507	32.054	32.582	33.094	33.592	34.081	34.589	35.52	36.883];
d = [0	1.81E-05	5.00E-04	0.0027243	0.0089101	0.016699	0.020672	0.023564	0.02601	0.028253	0.030318	0.032326	0.034272	0.036151	0.038009	0.039865	0.041716	0.043561	0.045401	0.047234	0.049056	0.050867	0.052663	0.054443	0.056198	0.057885	0.059492	0.061015	0.062494	0.063988	0.065499	0.064218	0	0	0	3.02E-06	4.45E-04	0.003845	0.012754	0.022332	0.026777	0.029955	0.032642	0.035122	0.037432	0.039705	0.041943	0.04414	0.046347	0.048584	0.050847	0.053138	0.055455	0.057792	0.060145	0.062504	0.06486	0.0672	0.069498	0.071684	0.073716	0.075548	0.077177	0.078581	0.079803	0.079233	0	0	0	0	1.24E-06	2.38E-04	0.002874	0.012354	0.02407	0.029654	0.033508	0.036614	0.039334	0.041709	0.0439	0.045898	0.04768	0.049297	0.05076	0.052015	0.053051	0.053886	0.054535	0.055013	0.055338	0.055524	0.05559	0.055549	0.055418	0.055205	0.054903	0.054525	0.054099	0.05364	0.053162	0.0527	0.052275	0.051889	0.051543	0.051234	0.050856	0.048802	0.045161];
n = [0	0	0	0	0	0	0	0	0	0	0	0	0	0	0	0	0	0	0	0	0	0	0	0	0	0	0	0	0	0	2.20E-06	4.46E-06	2.0308	2.0308	2.0308	2.0208	1.7472	3.756	1.5802	0.97522	0.83476	0.76595	0.72454	0.69778	0.68198	0.67332	0.67093	0.67429	0.68231	0.69454	0.71095	0.73151	0.75628	0.7854	0.81906	0.85751	0.90106	0.95005	1.005	1.067	1.1366	1.2145	1.3006	1.3909	1.4832	1.6021	2.1233	2.1233	2.1233	2.1233	2.1206	2.0405	1.714	3.9947	2.6109	2.2595	2.0897	1.9927	1.936	1.9103	1.9052	1.9184	1.9486	1.9924	2.0482	2.1136	2.186	2.2638	2.3463	2.4325	2.5218	2.6135	2.7071	2.8022	2.8985	2.9957	3.0945	3.1943	3.2925	3.3891	3.4842	3.5769	3.6668	3.7545	3.8403	3.925	4.0133	4.1764	4.4173];

o(1) = griddata(v,a,d,i(1),i(2));
o(2) = griddata(v,a,n,i(1),i(2));
